2023-02-21 12:23:16.444946
1606552
560647
481973539
622863
35393135
388657573
88381514
23622677
9008159
450112114
407241075
403748305
9550310
168598
102966998
10680360
348487243
85997303
2379178
9282552
1868591945
13098786
474595619
669152832
313511368
13164144
125526
1712436
429711841
479089690
25866139
1575476
9463690
27231887
1300259363
434967398
22986763
140226477
403748305/vid
12092693
449300057
1744876562
595407557
724686
690111567
7128353
402923390
919244
391679/vid
13428321
210291
5276
391679
47156230
238171819
4435541
5462540
699657478
4050333
524635090
116683
2744198
3633594